3
5
7
15
17
21
23
26
28
34
42
51
62
73
79
93
103
105
111
112
117
119
122
135
136
137
139
143
149
154
156
159
165
173
178
181
188
202
203
212
221
227
235
248
252
255
272
273
277
278
301
309
323
337
343
353
358
375
380
383
388
391
393
396
399
409
415
432
439
441
456
460
469
473
476
490
498
500
507
511
537
553
555
556
565
575
597
617
619
644
646
651
661
668
670
676
678
685
692
701
702
730
731
733
738
747
749
753
762
775
778
785
790
794
796
798
804
806
809
813
828
831
837
845
847
852
874
876
885
888
890
894
895
898
910
916
930
933
934
936
938
945
953
955
973
975
983
989
990
998
