9
18
27
32
54
61
68
80
91
103
113
117
120
129
131
133
138
141
155
158
172
173
178
188
196
198
201
204
205
218
219
228
236
242
251
259
262
267
273
275
288
293
303
314
315
319
335
360
366
368
374
377
398
406
412
416
418
419
425
438
447
451
457
459
484
504
505
508
509
526
529
531
550
551
561
565
596
597
605
606
607
610
618
623
633
638
644
650
652
656
657
659
663
669
671
693
704
706
710
712
721
726
727
760
762
767
768
782
785
794
795
797
805
806
807
812
814
815
819
825
827
828
833
834
840
841
863
870
877
882
886
888
895
899
927
929
942
946
961
962
963
969
971
984
986
989
991
994
996
999
