1
5
9
12
21
29
32
43
52
69
74
75
87
93
105
113
131
139
143
151
161
171
176
189
196
199
204
209
217
229
233
243
261
265
273
282
285
287
290
292
301
304
305
313
319
340
356
357
360
371
376
379
396
399
404
410
411
412
414
416
420
437
441
446
452
460
466
471
472
488
495
499
507
508
510
521
542
581
582
585
591
610
620
621
631
633
641
643
645
653
658
669
681
686
691
694
697
703
709
718
719
729
730
743
745
750
751
753
758
760
771
776
779
786
794
807
809
811
819
832
837
838
843
844
845
847
856
862
863
874
880
898
912
914
915
925
934
938
948
955
956
960
966
967
968
972
987
988
995
1000
