2
10
16
19
43
44
45
56
59
62
69
73
74
92
95
101
112
118
131
132
135
141
144
149
152
160
166
167
177
185
186
190
191
215
216
225
229
231
240
249
255
260
264
282
287
292
294
313
314
352
369
373
379
400
405
419
430
437
449
455
460
464
477
482
483
490
492
499
510
511
512
520
522
532
536
539
542
549
558
565
584
588
595
596
598
601
605
611
616
624
628
629
632
639
641
645
646
653
656
662
663
669
675
696
699
708
709
710
717
719
722
723
738
742
743
763
770
776
784
787
794
813
818
826
836
838
839
851
853
856
870
871
880
885
887
890
896
918
924
936
947
949
955
962
976
979
984
991
997
1000
