1
11
20
23
38
40
43
49
58
61
68
70
76
79
83
93
107
108
111
120
137
140
143
147
152
154
166
174
175
178
184
189
200
204
219
223
229
237
248
253
282
283
287
294
298
299
309
316
323
329
331
342
363
376
381
386
391
397
399
409
413
428
432
443
445
452
456
464
469
470
477
482
484
493
500
503
507
518
519
526
535
543
548
554
558
561
569
574
579
587
588
599
604
605
610
614
623
624
658
661
679
683
688
692
709
711
724
729
732
734
745
749
755
756
758
762
767
770
796
809
811
817
824
830
832
862
864
866
877
879
886
887
893
907
908
914
934
936
939
942
944
952
954
971
978
982
994
995
998
999
