1
6
19
21
23
25
30
31
42
45
48
49
50
55
56
61
69
74
75
79
84
89
91
96
99
105
108
121
127
128
134
143
144
155
157
158
163
172
173
175
189
202
205
208
210
214
219
220
221
226
232
234
240
241
246
250
251
254
259
266
270
272
274
280
293
294
299
303
309
312
313
325
333
337
343
345
352
358
363
364
365
379
393
394
399
400
403
408
411
414
415
418
420
429
440
443
445
448
454
462
464
472
475
481
484
491
494
496
499
508
517
519
522
532
537
542
549
552
557
559
562
572
578
579
586
588
589
599
601
603
612
613
615
621
627
631
636
638
646
652
655
671
680
693
694
698
717
721
730
732
747
763
767
768
774
775
778
783
788
792
793
809
819
830
833
840
842
850
855
860
861
862
865
867
876
880
881
882
886
889
891
899
901
903
907
911
914
928
932
937
950
953
966
971
972
977
980
987
991
998
