1
2
7
8
9
11
14
15
28
36
44
46
49
50
52
57
60
62
67
70
86
87
91
114
118
137
138
143
149
150
161
164
168
169
174
177
180
188
189
198
201
203
207
217
229
235
239
242
252
255
261
269
277
280
287
299
300
308
309
328
333
339
353
358
367
384
386
387
388
392
395
399
407
408
417
422
433
438
439
441
450
468
470
474
476
478
479
484
497
505
513
515
516
517
520
522
525
527
529
530
540
541
545
547
548
554
565
573
574
576
594
597
599
600
604
609
612
613
621
622
628
635
639
642
643
654
659
662
672
673
676
686
691
694
696
698
704
705
718
722
726
736
745
760
767
788
792
796
798
799
803
815
818
820
821
822
823
824
827
832
838
840
844
845
852
867
872
874
879
884
885
890
891
904
908
911
913
916
918
920
925
927
928
931
940
942
943
945
947
948
957
968
971
980
981
982
985
988
989
991
