5
7
10
14
17
21
30
31
32
36
37
43
44
51
53
59
63
71
72
73
74
88
93
98
100
108
110
112
114
133
142
146
147
150
151
153
164
172
175
177
184
193
199
207
214
218
231
235
237
238
242
243
245
247
255
258
260
265
267
271
275
281
301
304
305
308
315
320
325
331
337
343
344
345
352
366
372
373
374
379
386
397
399
405
414
415
426
441
443
448
459
460
461
463
472
479
484
489
504
508
521
534
538
540
548
554
561
567
570
572
574
577
579
585
586
591
599
602
614
624
633
636
637
638
646
647
648
650
654
666
668
670
674
675
695
696
698
706
707
710
715
716
719
720
721
736
752
756
758
760
766
775
778
781
792
793
794
797
807
811
812
813
815
816
818
825
831
837
841
843
848
851
860
862
865
883
886
892
906
907
911
914
918
922
923
925
927
931
942
943
946
955
972
977
983
985
988
989
990
991
