0
2
8
9
10
20
23
28
29
32
33
35
37
42
45
47
50
56
58
60
61
66
67
68
70
76
78
82
86
87
92
93
96
103
111
118
124
135
142
148
155
165
172
174
183
184
198
205
208
209
221
228
231
238
240
241
245
246
247
248
258
261
263
265
267
268
271
276
281
286
288
290
304
309
319
322
331
334
341
343
348
351
356
368
373
381
386
398
403
413
417
427
439
445
446
448
452
454
456
457
458
462
466
467
468
472
473
478
487
491
495
497
500
501
502
505
506
522
523
524
531
540
542
548
549
558
559
563
565
570
575
586
599
604
606
608
611
615
619
630
633
644
645
648
650
657
664
676
691
703
717
718
725
730
737
740
741
743
748
753
756
759
766
772
773
777
781
782
788
791
792
793
802
805
809
810
825
841
843
848
865
866
888
889
890
914
921
923
927
929
933
942
946
948
956
958
963
965
991
1000
