5
6
13
19
24
47
50
53
57
58
59
62
68
74
80
82
83
87
100
106
108
114
116
126
128
137
142
143
145
148
156
168
174
175
183
184
190
191
200
203
211
223
227
228
232
237
245
248
272
275
276
280
299
300
301
305
319
320
322
327
333
334
342
351
358
365
368
369
376
381
382
383
386
402
403
404
405
409
411
416
418
420
421
422
424
425
426
435
438
444
449
452
453
473
476
486
489
493
500
505
506
509
511
512
519
523
524
532
534
541
543
548
552
554
560
568
569
570
584
585
587
588
599
600
602
604
609
612
624
628
632
634
636
637
644
656
659
667
672
673
676
677
704
715
726
728
737
739
740
745
746
754
765
771
773
774
778
783
787
790
794
797
801
803
806
818
821
826
828
838
844
849
854
855
856
857
861
868
875
881
883
884
886
891
900
902
915
917
923
937
944
951
952
961
962
967
972
976
979
987
